0 0.0016162611
1 0.0022836728
2 0.0024415357
3 0.0034302284
4 0.005790427
5 0.0069900057
6 0.0074152136
7 0.009612388
8 0.011003387
9 0.014074166
10 0.017338015
11 0.016483387
12 0.017190624
13 0.022012187
14 0.020188365
15 0.025056401
16 0.020845227
17 0.020592567
18 0.022396041
19 0.028558562
20 0.02361033
21 0.032478403
22 0.022808671
23 0.028711382
24 0.026369123
25 0.02532152
26 0.03277503
27 0.03803634
28 0.029543549
29 0.04049244
30 0.036484513
31 0.032826915
32 0.030695723
33 0.029952826
34 0.031145379
35 0.02662084
36 0.024678515
37 0.030516354
38 0.022748552
39 0.031038553
40 0.032941047
41 0.03575322
42 0.030408632
43 0.034821395
44 0.029102089
45 0.03004704
46 0.03111769
47 0.028124224
48 0.036066063
49 0.030478686
50 0.03186824
51 0.05035072
52 0.04257408
53 0.042868253
54 0.044795755
55 0.039090708
56 0.043573443
57 0.046904724
58 0.049290214
59 0.05351142
60 0.05243284
61 0.057619326
62 0.060063332
63 0.06486334
64 0.061296724
65 0.07662728
66 0.0710588
67 0.07878349
68 0.08071702
69 0.08876228
70 0.08519413
71 0.09793545
72 0.10141737
73 0.10186576
74 0.10873823
75 0.10480514
76 0.12356143
77 0.11078228
78 0.11492969
79 0.12780817
80 0.14121862
81 0.12614559
82 0.13036874
83 0.13360533
84 0.12940158
85 0.13742776
86 0.13833609
87 0.13720316
88 0.14815673
89 0.14696054
90 0.13959676
91 0.13893558
92 0.1358799
93 0.14159386
94 0.14780651
95 0.15378486
96 0.1614746
97 0.15445279
98 0.1548711
99 0.16834074
100 0.14757238
101 0.14065434
102 0.14225969
103 0.14028746
104 0.1333598
105 0.13497677
106 0.13221054
107 0.12337961
108 0.12173952
109 0.1313133
110 0.12987159
111 0.124221146
112 0.13554078
113 0.14422347
114 0.14795634
115 0.15895267
116 0.16940166
117 0.18201852
118 0.16289921
119 0.18367931
120 0.17717198
121 0.18307467
122 0.1891915
123 0.16905765
124 0.1649446
125 0.16908894
126 0.17882547
127 0.17854983
128 0.19916914
129 0.18443401
130 0.2026632
131 0.20495415
132 0.22200936
133 0.23318933
134 0.21685535
135 0.19036354
136 0.20584607
137 0.19730973
138 0.19522999
139 0.1957536
140 0.17832533
141 0.17688242
142 0.18118285
143 0.18568613
144 0.1783244
145 0.18027069
146 0.16016652
147 0.17020598
148 0.1886907
149 0.21079013
150 0.19167592
151 0.17658928
152 0.1876965
153 0.20543732
154 0.18712875
155 0.18039255
156 0.20139003
157 0.18917416
158 0.18762355
159 0.19335474
160 0.19833353
161 0.221341
162 0.19227567
163 0.20613079
164 0.19280411
165 0.17198007
166 0.18911766
167 0.17285828
168 0.20989837
169 0.17352241
170 0.15791367
171 0.18875733
172 0.1776883
173 0.17266376
174 0.19748998
175 0.18553841
176 0.23594981
177 0.23321947
178 0.20457941
179 0.18956864
180 0.21685965
181 0.22688618
182 0.20907618
183 0.22163913
184 0.2210567
185 0.20544556
186 0.20327808
187 0.19941333
188 0.20145807
189 0.23364924
190 0.25741032
191 0.20468499
192 0.270372
193 0.25595662
194 0.21296024
195 0.21305162
196 0.22547506
197 0.22291915
198 0.20207886
199 0.22409625
200 0.2570767
201 0.2578104
202 0.30394104
203 0.2771958
204 0.29440865
205 0.2935813
206 0.29570112
207 0.26064298
208 0.25219375
209 0.24957536
210 0.24631345
211 0.2655781
212 0.25681168
213 0.24227086
214 0.2752098
215 0.2958696
216 0.26618236
217 0.308181
218 0.30805126
219 0.26373833
220 0.28353193
221 0.31254876
222 0.2615935
223 0.2507365
224 0.24875636
225 0.28439957
226 0.250506
227 0.24936669
228 0.24502593
229 0.2374367
230 0.223901
231 0.22505109
232 0.23350163
233 0.22042324
234 0.22176853
235 0.22437997
236 0.21396022
237 0.2110721
238 0.2153098
239 0.21610326
240 0.22610319
241 0.2268882
242 0.20118818
243 0.25045827
244 0.23679541
245 0.18043421
246 0.2084746
247 0.22172895
248 0.24833229
249 0.20940565
250 0.2090342
251 0.247466
252 0.23190188
253 0.17058745
254 0.18066797
255 0.17567927
256 0.1952459
257 0.21489413
258 0.23944473
259 0.20721477
260 0.22188169
261 0.20789497
262 0.16860847
263 0.18980604
264 0.16696402
265 0.16573025
266 0.178135
267 0.16010924
268 0.1659861
269 0.17562477
270 0.16202186
271 0.15907559
272 0.16157879
273 0.15467006
274 0.18470779
275 0.1647548
276 0.17669341
277 0.22243918
278 0.2414076
279 0.23351929
280 0.17767195
281 0.16918509
282 0.17993036
283 0.16726224
284 0.15907264
285 0.16738485
286 0.1675452
287 0.215519
288 0.23433879
289 0.17741649
290 0.18698183
291 0.19016226
292 0.20408973
293 0.20142649
294 0.25434917
295 0.2841378
296 0.28244856
297 0.2734625
298 0.27674642
299 0.2795273
300 0.2788353
301 0.24466686
302 0.2622543
303 0.26557472
304 0.2555887
305 0.24060747
306 0.23185906
307 0.22048724
308 0.2142625
309 0.21005763
310 0.20619759
311 0.2200849
312 0.21044387
313 0.22484784
314 0.21724793
315 0.20807357
316 0.20344254
317 0.21558706
318 0.19396618
319 0.20661435
320 0.2109966
321 0.1949363
322 0.22256748
323 0.22456832
324 0.1916922
325 0.20650376
326 0.19654252
327 0.19464149
328 0.21020912
329 0.1821023
330 0.19114697
331 0.20265849
332 0.16598614
333 0.19952144
334 0.18283042
335 0.182517
336 0.17364314
337 0.1884936
338 0.19401579
339 0.1795638
340 0.18341252
341 0.1820046
342 0.19466287
343 0.19415046
344 0.18358162
345 0.17226142
346 0.18637992
347 0.18336993
348 0.2004419
349 0.20955907
350 0.20464776
351 0.20393607
352 0.2107631
353 0.21038383
354 0.20618309
355 0.21446495
356 0.20017505
357 0.20923603
358 0.18784098
359 0.20734814
360 0.22131778
361 0.2191119
362 0.22248374
363 0.23376606
364 0.2167363
365 0.21770173
366 0.25362843
367 0.20913926
368 0.23716672
369 0.2230094
370 0.22566223
371 0.2131953
372 0.22629353
373 0.24558471
374 0.2320527
375 0.23294559
376 0.22517155
377 0.24329658
378 0.23525645
379 0.24042435
380 0.2480533
381 0.24811976
382 0.24619097
383 0.2441639
384 0.2478884
385 0.22095747
386 0.23258033
387 0.24180827
388 0.24044688
389 0.2345969
390 0.22869046
391 0.2248821
392 0.21059902
393 0.21601383
394 0.21886739
395 0.22718675
396 0.21062863
397 0.23064134
398 0.20682868
399 0.20256288
400 0.20540632
401 0.19330284
402 0.19867209
403 0.20812158
404 0.20710991
405 0.21065985
406 0.2123948
407 0.20990235
408 0.21380048
409 0.21310519
410 0.21037951
411 0.21151987
412 0.21359456
413 0.21186152
414 0.22836928
415 0.24131615
416 0.221129
417 0.22985783
418 0.23222753
419 0.23502415
420 0.25582775
421 0.226812
422 0.23734294
423 0.25353387
424 0.23932755
425 0.2486443
426 0.24103563
427 0.23739466
428 0.24833612
429 0.2619397
430 0.2660394
431 0.25212348
432 0.24757834
433 0.26366666
434 0.29180935
435 0.2768145
436 0.2672318
437 0.27833545
438 0.25840518
439 0.27240446
440 0.30644444
441 0.3010135
442 0.2817003
443 0.2824356
444 0.2563372
445 0.2893316
446 0.2766965
447 0.26850346
448 0.25419876
449 0.27203467
450 0.28798667
451 0.29522535
452 0.28080165
453 0.28009203
454 0.2977276
455 0.30425707
456 0.2947082
457 0.28656456
458 0.31122354
459 0.2957761
460 0.2996136
461 0.29508162
462 0.3042122
463 0.3244047
464 0.31937006
465 0.32218587
466 0.30366
467 0.301932
468 0.28423077
469 0.3109638
470 0.31842715
471 0.3307102
472 0.33099234
473 0.32406121
474 0.32690513
475 0.36610273
476 0.35171363
477 0.30338275
478 0.29559046
479 0.286865
480 0.30444592
481 0.28928524
482 0.3097422
483 0.30599266
484 0.3259968
485 0.30411527
486 0.3023417
487 0.2962599
488 0.2869846
489 0.31018406
490 0.32334206
491 0.30323455
492 0.28767955
493 0.30526492
494 0.30150187
495 0.2857713
496 0.28671074
497 0.31468222
498 0.27657497
499 0.26791665
