1 23.02720120677123
2 26.207773556943526
3 23.76151140126355
4 25.286909222216824
5 23.43849259096309
6 24.914662942618637
7 26.13224205653846
8 24.410556166220974
9 24.915115720191647
10 25.3817496285052
11 23.27937059680014
12 25.975520327327384
13 24.332822498366216
14 25.50369955988347
15 26.330743497934815
16 27.127669317428012
17 23.497414296627678
18 23.128850176465058
19 24.015035769441702
20 23.305407956085286
21 24.59731364745276
22 25.59253253591453
23 24.79266372085048
24 23.540191889365165
25 22.930236686183488
26 26.87307332707907
27 23.048104757580205
28 23.582420171285673
29 27.022744906078824
30 24.209267214096037
31 23.033996809784373
32 25.41717778053479
33 25.094993355178854
34 24.68393966739666
35 22.973138498660592
36 23.171709965281153
37 24.100350438173216
38 24.20503158872924
39 25.038629379657657
40 24.865705410209028
41 22.93525305167875
42 26.90168944327375
43 25.608332370954884
44 22.98886910256191
45 24.60298313080939
46 26.852006284956325
47 23.07143763718408
48 23.0793519499323
49 24.945036766304316
50 27.238037475933552
51 26.250729002547804
52 25.96486774329338
53 24.16279650760764
54 23.818853496798386
55 23.738283844250272
56 23.148175204054386
57 26.614846159162227
58 26.54146821659072
59 25.930170222453906
60 26.071933792683055
61 25.688851200975257
62 25.442318586398358
63 25.152073167094716
64 24.897767651542257
65 25.962230490853457
66 23.11645696766511
67 25.679871683368518
68 24.07901193438815
69 23.871701893818816
70 25.00664487045222
71 25.22539702026745
72 25.47861586233632
73 27.167645848348357
74 26.094266291870884
75 23.458798835560774
76 23.028495740506035
77 22.94765712091185
78 24.072313713878113
79 23.10633402186047
80 22.965997742399757
81 25.87227187369385
82 27.033769658988582
83 26.697078150669025
84 23.30210891113106
85 26.567629138554388
86 23.43051319044609
87 24.192462804128976
88 22.95003320014999
89 22.933475030481553
90 24.820317475430326
91 27.01623019708437
92 26.93327668370934
93 24.44030841015018
94 27.169123652119747
95 23.837917680844367
96 23.76305791213277
97 24.871172933365095
98 27.029705556893376
99 25.070374396072772
100 22.94609441673577
101 24.620863783004957
102 24.582389567213294
103 27.074767736085985
104 26.53581017054567
105 23.757980840776604
106 24.499511186879005
107 24.0025709882828
108 24.664855025952985
109 23.00528301439367
110 24.11572103574111
111 25.510596697216243
112 24.78261404823676
113 22.998553270069362
114 24.996689400499637
115 24.730148469199627
116 24.342001773752767
117 25.781186091970316
118 24.63396753367603
119 23.64140284412761
120 26.90703512749458
121 25.43492832179479
122 24.928576109475646
123 25.40477463428271
124 25.089585722392528
125 24.50611937663208
126 26.084023534626766
127 24.136225336619635
128 23.283731832503733
129 26.81359269026116
130 26.91263116286807
131 24.438293138441317
132 24.02516440495945
133 25.39655320307333
134 27.01692805088493
135 25.78839049986362
136 24.839562286427086
137 26.31998810930934
138 22.887060504697846
139 25.69262136455466
140 25.697462006998602
141 27.193153577793247
142 24.509456140569252
143 23.902977538552964
144 26.48935077692373
145 27.145956754245205
146 24.956220540025413
147 23.708369335497174
148 24.50111685321696
149 24.459450891266936
150 26.351959839699838
151 24.91833993702917
152 25.758649809632832
153 23.597644946480933
154 26.203940151093995
155 22.953389119267374
156 24.15149567805457
157 23.186841076979874
158 24.044246285953456
159 26.998906562151074
160 23.684431737638263
161 25.711480881258396
162 23.649581044974994
163 27.398185137860338
164 24.525398651629406
165 25.20199183343641
166 23.206217938810823
167 26.985402402601267
168 22.939948243400057
169 27.288077525788513
170 27.055143263630423
171 24.325521222892743
172 24.634171696223106
173 24.385832565034477
174 24.521270619283147
175 24.033561051110063
176 23.213114825158748
177 24.37630447602157
178 24.75043695773244
179 23.030798461883446
180 23.15592949258916
181 23.666670429314216
182 24.78298821531488
183 23.151127157357454
184 25.94626916896716
185 23.334603423314377
186 23.70423261845659
187 26.230232854244978
188 22.979323459687727
189 25.669513434885793
190 24.209494169482603
191 23.409305271475308
192 26.724362245278023
193 23.14155448389875
194 26.247335278675383
195 26.82292503338027
196 26.657868552563542
197 24.051177241636676
198 24.40956805031868
199 25.62204214314221
200 24.11874003725698
201 23.06558799529785
202 23.476575819269957
203 25.543982591063
204 27.20120341834982
205 26.0639307672171
206 24.758883913792108
207 27.191630224016563
208 26.402806225002383
209 23.108497452391333
210 26.066965865202533
211 24.063939974510774
212 23.432856907996243
213 27.22904900799704
214 24.983308003889018
215 23.06760544422927
216 27.00992550391248
217 24.10143185497993
218 27.061305134343154
219 23.412231929885493
220 24.871357299750787
221 25.880574857930664
222 22.978146038367612
223 26.197736106904664
224 23.564905341047595
225 24.80611119912275
226 25.75607865781169
227 24.337012090853296
228 23.634683164749298
229 26.69664355546298
230 23.049395058088425
231 25.507742982649958
232 23.691138060132868
233 26.261322029453
234 22.965918698758728
235 25.610114782837
236 26.505255357472265
237 23.3871224973755
238 23.860378793109124
239 24.21187251640445
240 26.435726190536172
241 23.325464753472477
242 25.65226545118351
243 24.23869813251786
244 23.207198929810033
245 24.024895535849904
246 25.15563060405219
247 27.087019770125835
248 25.62421266089264
249 24.82128551486861
250 25.338929727851678
251 26.244887517397462
252 27.225191295722865
253 25.63140125297249
254 23.60766042062592
255 22.97991627676238
256 25.78296451603839
257 23.79789102954297
258 26.52512527506739
259 26.109924776590773
260 25.268056482907344
261 23.607110687361146
262 27.069996541616202
263 23.403160851298765
264 24.51613800437095
265 23.278341893732893
266 23.090546018845853
267 23.660964997754682
268 26.5238969635821
269 24.662155639932898
270 24.058655525172064
271 24.053074360489358
272 23.878758507293874
273 24.375453146907137
274 26.590697423131747
275 26.10470847000228
276 25.091372695085838
277 26.810392638719424
278 23.34984301471656
279 24.960807641631042
280 26.22042839338109
281 23.214808556056205
282 23.745706810267354
283 24.757084114425858
284 24.780584937701427
285 27.046021926908065
286 27.42532232987566
287 23.656877561959792
288 23.06426624604357
289 25.013459200479158
290 24.59468208575114
291 23.03218843925584
292 25.247692663557785
293 25.63296230456116
294 24.571578606692118
295 24.917021676498326
296 24.359346020450776
297 23.043174208414346
298 23.54864520671448
299 25.59785141296989
300 27.34775008131712
301 25.17815690936005
302 26.9997026149045
303 24.310702752381175
304 23.10654849326698
305 24.65186240749064
306 23.650249495546056
307 24.894576728476576
308 26.91252347712988
309 26.25564017760592
310 23.17972588209328
311 25.270935575179493
312 23.146826764649628
313 23.00335951793421
314 23.73901002658065
315 23.429981176246265
316 24.384418788656287
317 26.952184360262148
318 26.607993785782284
319 25.33882087372588
320 26.802443868008293
321 27.374156533175878
322 23.0623575890469
323 23.928498580646547
324 25.403021638984463
325 25.87942488082232
326 26.149375627858934
327 25.378331680984058
328 25.707963757955554
329 25.617093202457987
330 27.25623370463599
331 23.730803412012854
332 27.257561694548595
333 26.208055480460057
334 26.645120706503977
335 25.511590075877617
336 23.902676256208746
337 25.680625010106137
338 23.216775061917414
339 23.988126426717443
340 23.7599071814591
341 26.167254670466026
342 24.775567164465905
343 24.61085776682481
344 25.480772486997402
345 24.851141240636817
346 23.23015875798386
347 23.130293509589663
348 25.97643520868116
349 25.366161565908353
350 25.36076921963158
351 24.344593325716215
352 24.65637288584722
353 24.38643108550573
354 23.54469037893577
355 23.144105432501046
356 23.15270377837116
357 24.231904774755826
358 23.486787403132
359 24.299774166839075
360 26.120143340964788
361 27.315380436456046
362 23.080531162004256
363 25.459984082449783
364 25.474568298373658
365 24.62416469049232
366 25.25626830265607
367 26.643665779483513
368 24.660143073242697
369 24.965698134710408
370 26.20297979116464
371 23.793218522277538
372 22.9519657634706
373 22.99308345361228
374 23.49526640388634
375 25.519026843896548
376 25.34987223474509
377 24.33489876166646
378 26.075285513550302
379 24.518200904030937
380 26.095443733566068
381 23.693237119018274
382 26.171298805836983
383 24.741937583545095
384 23.119256979898413
385 24.24951665585681
386 24.76641754662675
387 26.032606737252227
388 27.207095280863435
389 24.403318100699497
390 25.519213748591575
391 23.595353411682865
392 27.035264473330784
393 23.040133602806012
394 24.43563336388926
395 23.22193468943257
396 25.205574095984826
397 27.395181084825285
398 27.217944405875127
399 24.742871213395997
400 22.95533158828418
401 24.572992077976384
402 23.530065482634463
403 25.70464507984433
404 25.02210955506697
405 23.724023831072135
406 25.81837644174557
407 27.42865338508819
408 24.438478984222588
409 24.142549004342627
410 27.108451277565898
411 25.693666989277926
412 26.235067021108605
413 25.436653140659907
414 23.688486510001823
415 24.32921436295968
416 24.206656750004427
417 25.20814703348467
418 25.34498166932339
419 25.04196912974547
420 23.649298143464968
421 27.347325235137014
422 23.775267322248748
423 26.08045172997743
424 23.145493185884238
425 25.163210818269004
426 24.183678590305462
427 23.01521490486791
428 27.015922183255043
429 24.066001138339747
430 25.480695727368605
431 22.92843433979868
432 24.911489589874403
433 24.686681922249267
434 25.205660685791592
435 23.875597050047922
436 24.310457111129637
437 23.081242259805265
438 23.813596316698042
439 23.65048180003405
440 24.110760609647947
441 23.969258172371198
442 24.68653957754671
443 23.21171558219108
444 24.63958264007261
445 23.140434790933913
446 23.36337907288893
447 23.51104279565183
448 24.84121013022742
449 24.12979736927218
450 24.432920814766476
451 25.08386427609718
452 27.38954770018313
453 25.551145198390348
454 25.165069609585313
455 24.485516965931737
456 26.644171523955947
457 24.21001295071752
458 23.688518597608187
459 25.018813747609553
460 25.4567574855366
461 25.527696068985765
462 25.047880865731845
463 26.28090671758317
464 25.7660971976797
465 27.18005990672815
466 26.521669156151646
467 23.848316226665187
468 24.893554593221385
469 25.554469609146313
470 26.595473234250782
471 23.52792688578541
472 25.109250793083135
473 24.512871448684606
474 23.808312276369676
475 23.627310415732012
476 23.915846933276306
477 26.70948626363036
478 23.380757525383448
479 24.370756110072385
480 23.792671641246393
481 24.746481632789166
482 25.73766548995287
483 26.268545602539085
484 23.891782316388532
485 23.381711452427183
486 26.587310139813603
487 23.667723393368476
488 24.743285743490976
489 27.07529443436637
490 24.990986902174885
491 25.30912621870987
492 22.97817252199229
493 25.15050881715282
494 23.087101938544095
495 22.95171138632745
496 26.246945769276017
497 23.409363328434853
498 25.55784800499083
499 23.629417382511534
500 25.458043316774
