0 1133.5731
1 1257.6321
2 1314.9442
3 1312.5679
4 1358.1769
5 1323.1151
6 1245.4692
7 1275.6674
8 1349.8348
9 1182.7472
10 1151.343
11 1288.44
12 1196.6611
13 1343.4171
14 1210.369
15 1205.5776
16 1127.2124
17 1099.6483
18 1106.7833
19 1105.909
20 1054.7302
21 1074.7068
22 1018.5087
23 1092.5913
24 1107.2332
25 1073.6647
26 1197.3826
27 1230.334
28 1220.1461
29 1389.3654
30 1473.3893
31 1620.2378
32 2310.3813
33 2116.9688
34 2254.6318
35 2444.0916
36 3686.5308
37 3268.0647
38 3951.4404
39 4556.107
40 4428.731
41 5709.2666
42 7070.7446
43 4238.972
44 6497.6685
45 7901.578
46 8074.292
47 7223.5864
48 8120.3574
49 7631.7236
50 8148.6675
51 8577.796
52 9424.973
53 10965.218
54 7975.8584
55 8778.062
56 8297.379
57 7921.3647
58 6410.4844
59 8541.292
60 8031.6636
61 9258.244
62 7713.798
63 9679.298
64 10026.355
65 8746.514
66 8616.756
67 6992.2334
68 8490.962
69 9237.303
70 8891.051
71 7024.75
72 6295.9473
73 6665.6753
74 6726.512
75 8848.093
76 7291.153
77 7234.1807
78 7218.542
79 7486.4277
80 6152.9946
81 7248.6636
82 9077.272
83 5779.5996
84 6087.778
85 6001.8447
86 6898.5693
87 8448.22
88 7019.8184
89 6775.671
90 4569.9326
91 4807.878
92 6177.876
93 6244.955
94 4685.4795
95 5388.6226
96 4577.04
97 4018.556
98 4133.8203
99 4457.1978
100 4882.559
101 3971.0225
102 4066.4292
103 4430.333
104 6636.378
105 3409.8784
106 4196.2676
107 4675.836
108 7007.0303
109 5444.956
110 4955.917
111 5184.1387
112 5488.7197
113 5422.61
114 4638.963
115 7891.6416
116 5771.8857
117 10667.408
118 9862.541
119 7973.563
120 7294.3794
121 6793.908
122 8973.382
123 8103.6753
124 5764.63
125 6864.6743
126 7866.343
127 8103.1245
128 8020.423
129 7202.021
130 7502.415
131 5008.61
132 4606.713
133 6511.368
134 8752.523
135 6557.1694
136 5960.5107
137 5802.0024
138 5677.843
139 3994.6182
140 4089.0417
141 3608.872
142 3957.2993
143 4289.098
144 4363.122
145 3322.7183
146 3637.428
147 3778.7856
148 3978.095
149 4682.1025
150 3258.2053
151 3918.9783
152 5124.7295
153 4920.658
154 4889.8403
155 6385.1685
156 5581.96
157 4349.46
158 4929.3403
159 6304.331
160 5695.047
161 4581.406
162 6167.1167
163 4716.537
164 6593.4756
165 4869.834
166 5268.9087
167 5969.9966
168 4775.5444
169 4060.6157
170 6067.9004
171 6274.526
172 5574.2246
173 8157.9253
174 7793.867
175 6378.885
176 6208.0283
177 6727.4253
178 4957.4756
179 6389.4434
180 5062.2666
181 4880.7246
182 4586.8804
183 5847.166
184 4166.029
185 4349.142
186 4586.929
187 4860.014
188 5313.127
189 7211.6084
190 5655.602
191 6622.7275
192 5929.9966
193 4138.12
194 7307.127
195 5760.299
196 7177.5723
197 6415.891
198 7699.5938
199 7355.625
200 5679.768
201 6484.5986
202 4744.455
203 6216.3613
204 5511.2397
205 5615.1333
206 7214.328
207 4944.437
208 5263.279
209 6201.0615
210 4965.7495
211 5076.416
212 6942.812
213 5786.9976
214 4745.149
215 4772.4
216 4721.2974
217 5841.9214
218 5757.33
219 7200.6763
220 6933.7163
221 8399.707
222 6597.0425
223 7145.6978
224 6674.609
225 6462.717
226 6891.902
227 5073.6753
228 4525.5713
229 5172.7036
230 5366.2134
231 4971.234
232 6345.1353
233 5222.959
234 4751.9756
235 5236.1816
236 4853.465
237 5289.827
238 4903.384
239 6088.325
240 6313.727
241 5116.075
242 4469.364
243 5147.143
244 4909.749
245 5957.0737
246 4553.4634
247 3993.8901
248 5569.0986
249 4849.4795
250 6087.6514
251 5140.02
252 4662.6553
253 4688.833
254 4784.1113
255 6566.4683
256 3788.875
257 4651.605
258 4910.3115
259 5636.005
260 5719.5264
261 4567.552
262 4872.214
263 7320.723
264 4850.8394
265 5004.5386
266 4398.462
267 5811.5645
268 3894.7478
269 4839.3447
270 3619.815
271 3877.441
272 5954.637
273 4790.5547
274 4714.64
275 4880.0215
276 4269.744
277 4464.342
278 3126.6616
279 6331.721
280 5841.177
281 4504.613
282 4868.6396
283 4620.6396
284 4520.3154
285 5214.8066
286 3672.0508
287 5739.45
288 5727.661
289 3691.0964
290 5022.623
291 4625.9326
292 6777.586
293 5344.0415
294 3409.3381
295 6915.4717
296 4815.769
297 7137.7217
298 5129.398
299 3879.9336
300 4937.7793
301 6564.909
302 6437.907
303 6570.752
304 6611.0044
305 5732.6807
306 3642.293
307 5188.089
308 4914.02
309 5833.627
310 5953.2236
311 2568.4802
312 3451.4949
313 5383.748
314 4908.9224
315 5461.5605
316 5835.295
317 7325.3184
318 5104.0806
319 4048.5776
320 5923.2505
321 5257.3857
322 5384.7837
323 5557.511
324 4026.762
325 4787.1045
326 3043.0947
327 5004.8716
328 3905.9165
329 4336.411
330 4926.7246
331 5180.6484
332 3539.0837
333 6319.034
334 4565.994
335 3715.318
336 4252.309
337 3818.7515
338 4572.886
339 4993.691
340 5433.876
341 3271.8335
342 5154.8594
343 4398.287
344 5037.006
345 5045.724
346 5086.675
347 4394.6636
348 4976.645
349 5087.789
350 4643.28
351 5117.062
352 3882.0742
353 5453.7197
354 5349.367
355 4602.0693
356 6466.226
357 6043.1177
358 5750.6934
359 6896.1006
360 3876.576
361 9707.408
362 5818.2397
363 9329.027
364 5776.3994
365 4422.86
366 5805.823
367 4914.2456
368 5929.472
369 6014.7153
370 5790.87
371 6404.1016
372 3758.3806
373 5398.5967
374 4920.739
375 4391.9995
376 4309.486
377 3830.2783
378 3833.2502
379 4102.8755
380 4561.028
381 3833.6802
382 4873.3286
383 2990.9
384 4402.9087
385 2824.3533
386 4188.87
387 4272.6245
388 2923.6958
389 3446.1748
390 3170.7146
391 2326.4497
392 2918.831
393 2516.9968
394 3550.2708
395 4711.406
396 4054.3867
397 4493.3154
398 3174.8643
399 4268.077
400 4320.397
401 3111.5093
402 3654.1587
403 4390.085
404 6291.693
405 5047.3887
406 7116.5693
407 4864.985
408 5224.341
409 6986.759
410 6169.8403
411 7490.5645
412 7443.235
413 7287.5317
414 7670.9766
415 4220.5864
416 6528.5786
417 5580.941
418 8171.2583
419 8279.115
420 5717.1455
421 5729.5356
422 5620.3467
423 6323.9873
424 3552.8245
425 5863.8804
426 5360.357
427 5748.7583
428 6883.077
429 8336.265
430 5679.297
431 7775.9263
432 7412.6274
433 7851.643
434 6603.958
435 4335.195
436 5952.729
437 8628.296
438 5743.0156
439 6358.849
440 6528.338
441 7300.932
442 5606.562
443 4367.309
444 9192.16
445 5687.1875
446 7050.102
447 6786.526
448 5129.487
449 7631.865
450 6081.893
451 7253.1597
452 6264.875
453 6023.196
454 4747.922
455 6334.5
456 7857.9375
457 4946.911
458 6244.351
459 4339.0435
460 4689.69
461 5025.74
462 6056.881
463 6249.6494
464 8608.315
465 5927.5264
466 7991.3135
467 4248.3574
468 7270.232
469 8625.233
470 5789.607
471 7381.5996
472 6826.0034
473 6385.2686
474 6843.701
475 5830.2524
476 5710.6724
477 5519.547
478 5672.385
479 5114.1436
480 5811.909
481 4837.592
482 3950.2656
483 5510.037
484 3890.8801
485 3692.8828
486 3204.26
487 2860.3948
488 4640.7417
489 4399.1284
490 3896.0051
491 3710.1248
492 3205.138
493 2050.6848
494 3047.7136
495 4283.117
496 3288.4216
497 3522.4321
498 4019.4006
499 3020.5564
