0 -825.23694
1 -7832.9307
2 -264442.25
3 -3173274.2
4 -19015454.0
5 -123651700.0
6 -474883500.0
7 -1261061200.0
8 -4532004400.0
9 -8323847700.0
10 -20660722000.0
11 -44055240000.0
12 -68544156000.0
13 -142517550000.0
14 -243288240000.0
15 -364285330000.0
16 -612240100000.0
17 -916064500000.0
18 -1395747700000.0
19 -2126472500000.0
20 -3278103000000.0
21 -4128987000000.0
22 -5667059400000.0
23 -7119248000000.0
24 -9075946000000.0
25 -11548716000000.0
26 -15496086000000.0
27 -19959682000000.0
28 -27881212000000.0
29 -30856427000000.0
30 -35765370000000.0
31 -42059482000000.0
32 -51231372000000.0
33 -55901315000000.0
34 -71910190000000.0
35 -73866370000000.0
36 -83336420000000.0
37 -91260500000000.0
38 -100638680000000.0
39 -105271720000000.0
40 -122859170000000.0
41 -104849110000000.0
42 -89044350000000.0
43 -149020250000000.0
44 -131878095000000.0
45 -104507760000000.0
46 -103400415000000.0
47 -132506830000000.0
48 -102179440000000.0
49 -113023050000000.0
50 -116489670000000.0
51 -108796706000000.0
52 -101734810000000.0
53 -45465547000000.0
54 -106948630000000.0
55 -49464130000000.0
56 -41122106000000.0
57 -73785310000000.0
58 -94546880000000.0
59 -30816145000000.0
60 -27953983000000.0
61 25162328000000.0
62 19176698000000.0
63 11585263000000.0
64 74159270000000.0
65 13777117000000.0
66 17155741000000.0
67 -28974365000000.0
68 75613860000000.0
69 40595670000000.0
70 44460994000000.0
71 12476159000000.0
72 -22094969000000.0
73 -29713250000000.0
74 66058463000000.0
75 75531210000000.0
76 67693280000000.0
77 -1186801000000.0
78 52217227000000.0
79 78714230000000.0
80 58145240000000.0
81 70878320000000.0
82 121381720000000.0
83 110353564000000.0
84 31240724000000.0
85 73707645000000.0
86 75721096000000.0
87 61711810000000.0
88 55698033000000.0
89 37780080000000.0
90 4762723400000.0
91 19383292000000.0
92 18305330000000.0
93 2355460800000.0
94 -7980658500000.0
95 -6067730000000.0
96 8602506500000.0
97 -12244230000000.0
98 -7542508000000.0
99 10592584000000.0
100 -15482470000000.0
101 -30840663000000.0
102 -37076640000000.0
103 -18966260000000.0
104 3930172400000.0
105 10357895000000.0
106 67717114000000.0
107 15422072000000.0
108 35230650000000.0
109 73642470000000.0
110 43891877000000.0
111 45569480000000.0
112 91220106000000.0
113 66188050000000.0
114 59990304000000.0
115 107237260000000.0
116 91855680000000.0
117 86840500000000.0
118 90066300000000.0
119 101444210000000.0
120 96123574000000.0
121 74959400000000.0
122 81715590000000.0
123 64784347000000.0
124 63464810000000.0
125 59918955000000.0
126 64763623000000.0
127 40086400000000.0
128 41696450000000.0
129 51677986000000.0
130 51599030000000.0
131 36380286000000.0
132 23964282000000.0
133 56213203000000.0
134 35854700000000.0
135 28216522000000.0
136 34168428000000.0
137 16476289000000.0
138 10265490000000.0
139 13588658000000.0
140 6913814000000.0
141 -6809062000000.0
142 -938390450000.0
143 2297117000000.0
144 3902026500000.0
145 -6005631000000.0
146 -7797095000000.0
147 -9063310000000.0
148 -10008465000000.0
149 -2982363800000.0
150 -4025042300000.0
151 1191043300000.0
152 509187980000.0
153 -2478376700000.0
154 -1885699600000.0
155 -5800305000000.0
156 6851156500000.0
157 -3066834700000.0
158 9430672000000.0
159 -5451077400000.0
160 2431853500000.0
161 1044153500000.0
162 -242611960000.0
163 -15275365000000.0
164 -10905683000000.0
165 -5145080000000.0
166 -8620340000000.0
167 -14807037000000.0
168 -10633112000000.0
169 -3129094700000.0
170 7982490300000.0
171 6352822000000.0
172 9466897000000.0
173 8888896000000.0
174 7842993500000.0
175 7681648600000.0
176 5772009300000.0
177 3775157200000.0
178 496857840000.0
179 2849051000000.0
180 3659513000000.0
181 -1988789000000.0
182 579009840000.0
183 -2132173700000.0
184 2733339800000.0
185 -1624413000000.0
186 -3563249200000.0
187 -4332130400000.0
188 -4268899000000.0
189 19346456000000.0
190 3613127000000.0
191 9410639000000.0
192 4288410000000.0
193 8638190000000.0
194 10402925000000.0
195 9048892000000.0
196 18502040000000.0
197 14767761000000.0
198 20934195000000.0
199 13973423000000.0
200 14050086000000.0
201 11326796000000.0
202 14853773000000.0
203 17971330000000.0
204 8670521300000.0
205 19464339000000.0
206 16477718000000.0
207 18266974000000.0
208 15341579000000.0
209 15490233000000.0
210 15586685000000.0
211 16661064000000.0
212 20066794000000.0
213 14789583000000.0
214 17820694000000.0
215 16136625000000.0
216 16639262000000.0
217 15634981000000.0
218 12496346000000.0
219 12486700000000.0
220 13252310000000.0
221 15540440000000.0
222 13032099000000.0
223 9727254000000.0
224 10914374000000.0
225 8714278000000.0
226 8476471300000.0
227 6344847400000.0
228 4764611000000.0
229 5046820000000.0
230 4901675500000.0
231 3978561600000.0
232 6461025400000.0
233 6582604000000.0
234 4806994000000.0
235 6491303600000.0
236 8766932600000.0
237 6544198000000.0
238 4576604300000.0
239 6007938000000.0
240 6523834600000.0
241 6165478000000.0
242 6236561500000.0
243 4096726400000.0
244 7234627600000.0
245 5256928000000.0
246 2117935000000.0
247 6081731400000.0
248 5172124000000.0
249 4763670000000.0
250 5291761500000.0
251 3058360600000.0
252 3714107000000.0
253 4990736300000.0
254 3192048800000.0
255 4775723700000.0
256 3627488400000.0
257 3602946200000.0
258 4099874200000.0
259 4475674700000.0
260 2880046000000.0
261 3551030400000.0
262 3928803800000.0
263 1504402000000.0
264 4003884000000.0
265 2695654800000.0
266 2487415700000.0
267 1707952200000.0
268 1827733400000.0
269 3714065000000.0
270 1437709200000.0
271 1248132300000.0
272 2661643200000.0
273 1991542300000.0
274 963906630000.0
275 2020921800000.0
276 2438090700000.0
277 2870610000000.0
278 3139307300000.0
279 1976009400000.0
280 1971843200000.0
281 2825538800000.0
282 2847650600000.0
283 1241593700000.0
284 2183151600000.0
285 1638387700000.0
286 1617428900000.0
287 3278428000000.0
288 3881488000000.0
289 3245989200000.0
290 2878810400000.0
291 2959000500000.0
292 4358506800000.0
293 3451296400000.0
294 4218601000000.0
295 4772410700000.0
296 4664213400000.0
297 4071467500000.0
298 4141620100000.0
299 4390509300000.0
300 5247611000000.0
301 4886967000000.0
302 4390521400000.0
303 4821443000000.0
304 4214607800000.0
305 3447309500000.0
306 4793530600000.0
307 3387836600000.0
308 3260887000000.0
309 3790103000000.0
310 2556584300000.0
311 2887407400000.0
312 2967987000000.0
313 2221190700000.0
314 2314916300000.0
315 2626956000000.0
316 2256513300000.0
317 2755372300000.0
318 1987805700000.0
319 1989376500000.0
320 1371232100000.0
321 2715105000000.0
322 1606524600000.0
323 837755900000.0
324 1152602300000.0
325 975752400000.0
326 1119479500000.0
327 803399700000.0
328 1114384400000.0
329 411351120000.0
330 639947100000.0
331 378367670000.0
332 836023600000.0
333 876872860000.0
334 493948930000.0
335 79343210000.0
336 1007702840000.0
337 474859800000.0
338 1002090900000.0
339 904619750000.0
340 499681430000.0
341 812339950000.0
342 834383250000.0
343 705491040000.0
344 1377674500000.0
345 1133215100000.0
346 1561038400000.0
347 1317840200000.0
348 1075931400000.0
349 1826854000000.0
350 1309651000000.0
351 1720489200000.0
352 1780797700000.0
353 1600316000000.0
354 1859061500000.0
355 2017195300000.0
356 2481462000000.0
357 1911111300000.0
358 1803973300000.0
359 1794073400000.0
360 1468710900000.0
361 1683042200000.0
362 1518675400000.0
363 1448924700000.0
364 1708558400000.0
365 1439859900000.0
366 1317494000000.0
367 1337486200000.0
368 1091862900000.0
369 1094616550000.0
370 1094757060000.0
371 786714900000.0
372 640320340000.0
373 350810770000.0
374 524367360000.0
375 252219540000.0
376 98782100000.0
377 159472370000.0
378 278830060000.0
379 -14775651000.0
380 -11271798000.0
381 -314565820000.0
382 -126033960000.0
383 -151984850000.0
384 -184603800000.0
385 -143569220000.0
386 -567510600000.0
387 -194428960000.0
388 -225978300000.0
389 -135053130000.0
390 -158485740000.0
391 -161128870000.0
392 -42380788000.0
393 -21567877000.0
394 -364704370000.0
395 -219880180000.0
396 -232754820000.0
397 -204478430000.0
398 -261540180000.0
399 -333661900000.0
400 -165495700000.0
401 118075840000.0
402 96896060000.0
403 278630530000.0
404 -3610217700.0
405 480457000000.0
406 388825580000.0
407 451700420000.0
408 623591160000.0
409 560286900000.0
410 696027250000.0
411 716132060000.0
412 748625100000.0
413 902586430000.0
414 978423100000.0
415 713818200000.0
416 863222300000.0
417 866435860000.0
418 971678900000.0
419 749860400000.0
420 779637100000.0
421 752779100000.0
422 750274300000.0
423 744305900000.0
424 607669060000.0
425 924054800000.0
426 785532700000.0
427 843877060000.0
428 741095600000.0
429 439266500000.0
430 748700300000.0
431 715915130000.0
432 714300650000.0
433 559983760000.0
434 638854370000.0
435 528524400000.0
436 650642650000.0
437 564434000000.0
438 466362470000.0
439 507088830000.0
440 490334780000.0
441 356327880000.0
442 370950240000.0
443 366218500000.0
444 488057440000.0
445 362880200000.0
446 273016640000.0
447 337392600000.0
448 250859450000.0
449 308330400000.0
450 290216400000.0
451 416673760000.0
452 282267550000.0
453 314580100000.0
454 400281270000.0
455 386056880000.0
456 355115600000.0
457 301276040000.0
458 279170700000.0
459 345595580000.0
460 310307030000.0
461 287494830000.0
462 236174970000.0
463 240958010000.0
464 192089340000.0
465 246529310000.0
466 257877690000.0
467 197760040000.0
468 203574380000.0
469 229270000000.0
470 243792840000.0
471 152455680000.0
472 153031330000.0
473 121311090000.0
474 129774040000.0
475 123434410000.0
476 88035020000.0
477 60610654000.0
478 48206037000.0
479 54533722000.0
480 36477907000.0
481 10239821000.0
482 -39240376000.0
483 -50213413000.0
484 -14675606000.0
485 -39349535000.0
486 23661152000.0
487 -52673327000.0
488 -133300010000.0
489 -67379814000.0
490 -87743900000.0
491 -112977030000.0
492 -30044058000.0
493 23205652000.0
494 -8089712000.0
495 -64163754000.0
496 -30412986000.0
497 -27484596000.0
498 -59614470000.0
499 62385803000.0
