1 -1382.970033413695
2 -1390.5697314201582
3 -862.7036662199861
4 -1489.0708043064662
5 -1335.7089072304273
6 -1449.5821664914413
7 -1058.796415008505
8 -1355.2549719251867
9 -1732.7533726781169
10 -1732.0207411642166
11 -1584.0732954293687
12 -1373.5537679470858
13 -1320.367874709433
14 -1134.795613264316
15 -1620.2959649882084
16 -1351.7921609120199
17 -1176.9977013932344
18 -1187.7945019463032
19 -1364.2012313997607
20 -1519.767443732721
21 -1729.499098358713
22 -1345.2907582954952
23 -1384.008150082688
24 -718.3257169053478
25 -1355.6583963036194
26 -1373.39218764634
27 -1202.488322150918
28 -961.6843732181765
29 -1365.5961598300203
30 -1610.4686295469348
31 -836.5356063928944
32 -1344.226087379416
33 -1357.6380242349844
34 -1322.0552353762707
35 -1354.0157354783867
36 -1721.8565895662477
37 -1266.0273249936051
38 -1691.8458129362498
39 -1368.8583108986647
40 -1344.6921196637184
41 -1360.3306606769377
42 -1156.8882377138875
43 -1411.388459236949
44 -1025.6467306879606
45 -1345.5814302152453
46 -1186.989379330716
47 -1365.9435135928788
48 -1295.2107962844632
49 -1731.2515269868302
50 -1585.970151778499
51 -1372.0604145118218
52 -1572.0663216243017
53 -1332.931420219507
54 -1345.506250840861
55 -1304.3073258933089
56 -1348.5289657143544
57 -1503.62417298432
58 -1308.4470497118496
59 -1539.6731428632388
60 -1302.3031991153207
61 -1329.735027084115
62 -1373.3996473066347
63 -1331.6696187965501
64 -1452.863555882673
65 -1220.832243824022
66 -1270.1328968033135
67 -1382.9473279156803
68 -1659.4961419913575
69 -1390.2260334664873
70 -1531.0824808990994
71 -1727.498996227187
72 -1350.675728302671
73 -980.7669463523357
74 -1361.6878031421643
75 -1088.9838849578443
76 -1025.623672502052
77 -1334.8571503969486
78 -1594.036687052685
79 -953.6226609631348
80 -1316.0156415245217
81 -1459.1292236514598
82 -1532.2211201908199
83 -1347.441749571281
84 -1471.015127844182
85 -1708.0418821684577
86 -1732.775388792005
87 -1347.6224379352882
88 -1366.5664838264452
89 -1731.7987895440422
90 -1554.143995811245
91 -1222.582801532414
92 -1367.8972623352558
93 -1729.67818836569
94 -1345.6688026575832
95 -1138.7316055854749
96 -1399.003305286927
97 -1516.2923181449053
98 -1363.0945209456029
99 -1729.8082338812385
100 -1733.7388366910882
101 -1372.842800820953
102 -1687.5692018598572
103 -1052.8038240429767
104 -1737.182883783648
105 -1534.391259960525
106 -1681.5331148248672
107 -1345.0558571334825
108 -1352.887010537632
109 -1350.164856284092
110 -1353.338904976835
111 -1214.792513854917
112 -1224.6780807230691
113 -1052.8872175865072
114 -1059.7142332998767
115 -1353.5870781932879
116 -1518.3548299375166
117 -1333.798502660912
118 -1062.250169319797
119 -1441.7067190819896
120 -1307.6845732606118
121 -1670.7755719092554
122 -1195.0834803173982
123 -1332.0253239671283
124 -1058.8567235321648
125 -1702.4836247059322
126 -1167.9055588514182
127 -1213.9145920164863
128 -1168.45732161474
129 -834.5680880346788
130 -1328.821756395104
131 -1294.563747752523
132 -1163.4833608586696
133 -1616.9775021692706
134 -1461.1924528110767
135 -1170.762149981118
136 -1126.5810868732503
137 -1265.5928412344667
138 -1665.6833910780017
139 -1687.6306291150051
140 -696.236263016708
141 -1362.5324981044894
142 -1445.4348423084698
143 -1163.5099335906996
144 -1047.0723154705763
145 -1335.067198860289
146 -1338.299799834058
147 -1355.116803361338
148 -1566.3157931354701
149 -1348.032688209835
150 -1321.4146257750338
151 -1729.1594869174196
152 -1649.6223222670094
153 -1062.4981687839831
154 -718.5488781903666
155 -955.0987965778094
156 -1299.4387405643631
157 -1355.3689271075991
158 -1326.8174914270483
159 -1364.9387741248065
160 -1353.6716523444566
161 -932.1644902067256
162 -1663.1248970330291
163 -950.3600128060477
164 -1189.0670279932008
165 -1498.282637510217
166 -1444.2229119459523
167 -1333.4846069520388
168 -1491.3086801279226
169 -1330.5551926464618
170 -1535.933755551421
171 -617.5508135454471
172 -1008.5435443775882
173 -949.75472390464
174 -1710.9412045240806
175 -1349.4410089890016
176 -1355.7926835487197
177 -1354.862984289503
178 -1057.6389029028628
179 -1353.9646418475174
180 -1375.0021691794661
181 -1539.7744781698636
182 -1362.1395326626866
183 -1363.2877023318538
184 -1259.5761593680663
185 -950.6245195694712
186 -1380.2885769645077
187 -1477.4335772114825
188 -1180.169412003135
189 -1706.4341633763024
190 -1732.453623375157
191 -1732.0932592106342
192 -1355.3332962825905
193 -1118.8822796493378
194 -1480.55915760274
195 -1349.7785070212917
196 -1368.65839378388
197 -1708.9049527665254
198 -1097.5308221987457
199 -948.4996388348806
200 -1302.7254025187303
201 -1378.6521010639551
202 -1336.141465969898
203 -1348.8336841589173
204 -1525.1177646180367
205 -1059.674161666823
206 -1733.9385600996893
207 -1287.1188249226614
208 -1440.1325585643056
209 -1073.7634983019414
210 -1165.410425115389
211 -1243.6965140387938
212 -1129.4369391218243
213 -1485.5754367399504
214 -1619.6730662548443
215 -1059.9904864460007
216 -1373.6995732740777
217 -1430.7810316661373
218 -1215.75425593525
219 -1145.4324166092601
220 -1249.517924498987
221 -1217.5765830478904
222 -1696.5952998253276
223 -1492.3335998990826
224 -1166.167495644251
225 -848.7058531274434
226 -1738.9000865837825
227 -1356.179818311502
228 -1376.4388535810062
229 -1061.1372648902664
230 -1122.1935008021132
231 -1355.7391179238814
232 -1367.5876705605328
233 -1345.5063816999955
234 -1345.7226668349033
235 -1737.0044838905808
236 -1418.9026190901538
237 -1164.2167040757995
238 -1385.0274083880704
239 -1535.5503368032714
240 -1254.6702117385826
241 -1291.9679947735547
242 -1374.3523310648457
243 -1329.492437044495
244 -1616.0018938374635
245 -1423.8273983815068
246 -1363.8979302186374
247 -1505.7626451561878
248 -1730.8463451129196
249 -1292.0677170883628
250 -1350.9375797191701
251 -1164.5503837291276
252 -1494.1924417935404
253 -1403.1187651296166
254 -1375.931866985766
255 -1554.3068763998938
256 -1208.9871531447745
257 -1385.0264595810622
258 -1733.316668992373
259 -1295.7731366785076
260 -1104.0167850883663
261 -1405.5016646725749
262 -1247.168185971604
263 -836.7517799874702
264 -1730.5984558309349
265 -1687.5367868473077
266 -1424.9270408828565
267 -1370.4298410941276
268 -1364.875912506428
269 -1282.413529441721
270 -1298.4471524764008
271 -1335.4003542229264
272 -1167.5675684180303
273 -1653.4848898279608
274 -948.8892166273245
275 -1380.6158819648822
276 -1736.43166629071
277 -946.4666644488987
278 -1207.7992412178655
279 -1314.6680409054065
280 -1240.2794520458356
281 -1226.68652926259
282 -1732.568085916541
283 -1392.0423549823909
284 -1372.5974433094905
285 -1390.6287601552463
286 -1361.6844734838362
287 -1735.2118134490997
288 -1335.703722968116
289 -1194.8329927725092
290 -834.7494465487986
291 -1496.3795503470117
292 -1273.612333509267
293 -1382.1352467145905
294 -1113.7009835205095
295 -951.413165145106
296 -1315.8752058011767
297 -1360.212364358954
298 -1173.20465477238
299 -1484.7880021907345
300 -1733.4015348813466
301 -1464.8925851696906
302 -1668.4054258690164
303 -1729.7125999372481
304 -1204.1107545191442
305 -1135.4379189499953
306 -1365.675372352558
307 -1365.1179752623032
308 -1704.4862435277441
309 -1010.4540224634068
310 -1352.942664876546
311 -1372.404605214927
312 -1344.4638240153647
313 -1303.8580429533715
314 -1358.3596845851205
315 -1355.4999532449747
316 -1463.4909627606107
317 -834.5159037965275
318 -706.0032432127325
319 -1479.3669261267628
320 -1705.7955344090312
321 -944.3389698239756
322 -1605.3677462182986
323 -1388.6940717982136
324 -1373.7838255708618
325 -1688.4184109452835
326 -1247.7098170115003
327 -962.4122068855006
328 -1372.5282296030305
329 -1177.8697106929708
330 -1736.7346979804265
331 -1729.3998623843997
332 -1589.3344185396506
333 -1603.8322894679732
334 -1361.9961375087878
335 -1355.0024479692468
336 -1311.4236949710746
337 -1633.0236911642628
338 -1195.88295638885
339 -616.4461439210836
340 -948.3330531378977
341 -1345.0178154873104
342 -1320.936487302922
343 -1290.6858718313001
344 -1580.0152181703882
345 -1521.4117942513565
346 -1721.8988270231007
347 -1070.0401639724541
348 -1375.722377216527
349 -1383.2041079038893
350 -1387.4275161659486
351 -1374.6775740932712
352 -1042.498757392716
353 -1660.6283337390046
354 -1662.563224592228
355 -1629.0472642598102
356 -1676.8546134836547
357 -1683.0575380335906
358 -1279.566653858729
359 -1246.96394560549
360 -837.3104061961391
361 -1094.168450356856
362 -991.8439340731506
363 -1171.8377565968135
364 -1420.2994968262922
365 -1154.1834547280926
366 -1243.8816481554159
367 -789.1538241310892
368 -1351.813192542883
369 -1296.9304020213347
370 -1281.456794280801
371 -1337.072992492725
372 -1449.8606956085
373 -1639.7548249238846
374 -1436.3799924232767
375 -1737.4894618617934
376 -1059.806592323442
377 -1355.7621247710415
378 -1365.7671034499358
379 -1292.5763004189914
380 -1418.7328417712474
381 -952.5680454651556
382 -1670.0708422293314
383 -1291.4375780510015
384 -1245.840444955602
385 -1427.3016569214187
386 -1732.6441398144932
387 -1061.141419461699
388 -1066.3197441949512
389 -1416.3058657437932
390 -1373.9434071302378
391 -1388.4291457870333
392 -1306.034190245292
393 -1729.075253514912
394 -1594.2959120964924
395 -1385.3756742364783
396 -1236.4316478806538
397 -1556.4135358398264
398 -1343.416413519256
399 -1340.9599887960678
400 -1124.2678559730596
401 -1344.9134383220735
402 -1320.6434460428388
403 -1308.324060158006
404 -877.3521524889478
405 -1349.6262175266518
406 -1731.1740632983915
407 -1173.4795841253867
408 -1159.057400285948
409 -1213.092408534983
410 -1339.2984555670118
411 -1297.3821327318078
412 -1373.9137438747673
413 -1408.5741320365848
414 -1359.3931218248536
415 -1500.3424396212536
416 -1359.6829928702032
417 -1332.732125485888
418 -1349.3001867270607
419 -1366.8552906356874
420 -1145.611085904445
421 -1339.6987902346448
422 -1166.9749048975464
423 -1181.3125158737457
424 -1168.962226797457
425 -749.8071886987224
426 -1466.326929625924
427 -1714.5079064688823
428 -1684.169628047566
429 -1509.8213319730114
430 -1305.5421594876188
431 -1379.1296521718443
432 -949.6003719342999
433 -1615.808477472331
434 -716.8619283279878
435 -1465.556418027682
436 -807.268040079047
437 -1413.8746090078707
438 -1346.1798926953575
439 -953.788851977584
440 -1166.2061779235412
441 -1266.4242895141356
442 -1171.1017196593298
443 -1318.119838593656
444 -1167.184451941593
445 -1595.9676580289058
446 -1353.122842460301
447 -1360.8952138672732
448 -1609.4556885947638
449 -1718.6029311964096
450 -1659.0764179932105
451 -1352.357498949181
452 -1214.850224217162
453 -1330.5292084373364
454 -1273.1986749015634
455 -1352.9011085942002
456 -1738.391578286335
457 -1342.1133683184025
458 -1425.8477223986426
459 -1143.1849306045685
460 -1271.5662749151438
461 -866.2248455848667
462 -1312.9405523434857
463 -1645.3003816914888
464 -1059.772669833476
465 -1099.284538731405
466 -1275.4151440103433
467 -1312.2154003459295
468 -909.9645768109389
469 -1717.4328006937524
470 -1388.3945938885752
471 -1274.033732512678
472 -1164.9927886198038
473 -1143.9948489437063
474 -1306.0446123549946
475 -1383.656147884621
476 -1059.4023568064877
477 -1711.8562377515304
478 -1052.6776099755841
479 -1344.1621976085817
480 -1732.578865244447
481 -1196.7699710952245
482 -1672.6357794735989
483 -1282.7693691017812
484 -1184.4684008178938
485 -1056.4503389934316
486 -1734.066728826931
487 -1467.8987787436297
488 -1439.423509544585
489 -1261.9800389450925
490 -1369.6802383480313
491 -951.3234977259525
492 -1159.5094603471557
493 -1470.8730201956803
494 -1396.0982618027597
495 -1684.0144521038949
496 -1165.0685525836068
497 -1355.2286581707342
498 -1238.2806973040763
499 -1176.3117892403761
500 -1310.7838172404345
